NODE_COORD_SECTION
1 10 70
2 15 35
3 35 48
4 52 49
5 51 95
6 20 38
7 46 95
8 100 18
9 47 26
10 33 76
11 71 60
12 18 96
13 85 92
14 71 82
15 62 86
16 94 20
17 53 89
18 59 92
19 82 89
20 84 72
21 93 50
22 47 23
23 53 59
24 43 51
25 84 44
26 40 66
27 14 2
28 68 50
29 90 90
30 83 99
31 30 23
32 31 36
33 10 37
34 74 30
35 44 38
36 26 75
37 7 29
38 55 1
39 31 49
40 65 8
41 58 76
42 86 35
43 98 64
44 81 71
45 21 87
46 30 34
47 60 82
48 57 90
49 40 71
50 48 34
51 73 86
52 99 32
53 44 38
54 15 61
55 87 31
56 14 83
57 23 41
58 12 100
59 52 39
60 14 58
61 86 77
62 97 25
63 34 31
64 83 40
65 23 31
66 82 78
67 28 38
68 62 93
69 18 44
70 66 23
71 86 20
72 51 11
73 54 78
74 9 69
75 62 70
76 59 49
77 4 58
78 27 38
79 35 94
80 4 15
81 43 89
82 25 40
83 55 85
84 52 31
85 39 62
86 26 89
87 54 65
88 74 72
89 85 2
90 98 74
91 62 30
92 67 27
93 81 60
94 78 44
95 26 57
96 31 56
97 30 27
98 96 100
99 29 14
100 24 56
EOF