NODE_COORD_SECTION
1 47 48
2 77 5
3 17 35
4 19 16
5 84 37
6 60 1
7 29 45
8 38 13
9 12 42
10 26 44
11 75 82
12 59 74
13 0 36
14 80 94
15 59 11
16 51 7
17 45 10
18 92 64
19 76 84
20 45 30
21 95 86
22 34 53
23 66 37
24 56 1
25 72 73
26 39 35
27 14 7
28 63 49
29 47 10
30 82 62
31 38 76
32 44 100
33 84 29
34 79 100
35 67 88
36 37 23
37 34 45
38 74 38
39 22 17
40 70 21
41 67 77
42 90 11
43 75 76
44 4 86
45 98 60
46 62 65
47 59 62
48 18 67
49 29 76
50 62 63
51 23 77
52 58 92
53 4 65
54 69 70
55 92 15
56 25 94
57 75 0
58 93 54
59 59 37
60 12 86
61 84 51
62 44 98
63 89 3
64 13 68
65 84 94
66 26 47
67 2 53
68 74 93
69 76 62
70 32 25
71 79 17
72 100 27
73 53 75
74 77 47
75 22 64
76 62 22
77 26 77
78 7 59
79 64 8
80 8 16
81 48 47
82 40 25
83 96 16
84 35 52
85 56 87
86 55 25
87 86 97
88 41 25
89 38 97
90 37 41
91 75 98
92 49 7
93 88 78
94 38 45
95 46 60
96 35 81
97 76 65
98 38 55
99 56 13
100 4 7
101 25 47
102 81 82
103 75 19
104 34 77
105 20 72
106 19 62
107 96 14
108 83 72
109 53 72
110 95 93
111 26 39
112 87 83
113 54 97
114 20 54
115 84 44
116 30 37
117 44 64
118 48 59
119 89 84
120 59 15
121 37 81
122 85 72
123 21 1
124 77 99
125 33 99
126 26 55
127 66 87
128 1 27
129 32 14
130 81 82
131 21 81
132 27 73
133 72 59
134 24 92
135 74 50
136 60 99
137 32 16
138 0 21
139 88 88
140 89 90
141 2 99
142 50 26
143 10 9
144 59 42
145 28 36
146 47 7
147 11 39
148 35 1
149 54 85
150 50 30
151 37 39
152 63 27
153 58 17
154 83 2
155 0 61
156 86 43
157 64 99
158 98 81
159 14 97
160 17 50
161 8 20
162 81 71
163 82 17
164 2 63
165 30 32
166 86 96
167 92 67
168 46 72
169 93 65
170 84 70
171 73 98
172 22 39
173 33 64
174 9 98
175 49 35
176 95 74
177 100 45
178 54 18
179 14 19
180 28 63
181 4 71
182 16 65
183 41 10
184 30 26
185 94 40
186 61 20
187 50 2
188 89 5
189 9 67
190 36 59
191 99 57
192 17 15
193 82 45
194 55 95
195 44 70
196 87 87
197 89 42
198 1 13
199 51 50
200 84 15
201 18 63
202 61 44
203 10 1
204 32 3
205 77 60
206 50 30
207 1 33
208 93 7
209 21 47
210 59 61
211 78 31
212 44 64
213 42 20
214 80 46
215 5 51
216 68 46
217 10 15
218 7 86
219 43 97
220 21 62
221 38 45
222 94 99
223 20 21
224 14 30
225 72 62
226 40 3
227 83 53
228 100 32
229 0 16
230 92 45
231 21 23
232 65 41
233 94 78
234 47 69
235 64 42
236 34 57
237 61 58
238 96 76
239 68 95
240 71 92
241 57 82
242 66 12
243 82 64
244 70 48
245 86 5
246 54 6
247 0 68
248 55 48
249 21 17
250 73 5
251 59 60
252 93 12
253 42 71
254 100 97
255 73 52
256 46 17
257 78 89
258 50 59
259 20 37
260 48 29
261 92 19
262 17 26
263 83 15
264 16 73
265 75 74
266 48 4
267 19 31
268 32 49
269 14 29
270 29 88
271 46 54
272 83 11
273 13 54
274 92 98
275 17 72
276 1 59
277 82 69
278 22 86
279 0 87
280 61 90
281 15 16
282 11 18
283 48 35
284 63 97
285 32 22
286 82 56
287 48 16
288 16 42
289 42 62
290 64 65
291 63 5
292 53 76
293 58 84
294 47 29
295 8 71
296 100 49
297 12 32
298 92 27
299 48 48
300 13 65
301 3 40
302 96 26
303 39 96
304 54 86
305 100 47
306 7 22
307 35 85
308 87 1
309 81 38
310 19 72
311 26 60
312 91 9
313 67 2
314 33 85
315 10 81
316 8 0
317 57 63
318 27 66
319 48 38
320 94 13
321 24 65
322 8 40
323 5 13
324 65 61
325 97 22
326 75 86
327 63 36
328 53 69
329 64 72
330 85 51
331 89 100
332 100 11
333 39 9
334 92 29
335 68 60
336 2 57
337 60 44
338 72 99
339 69 74
340 79 57
341 19 26
342 43 22
343 21 0
344 75 95
345 28 18
346 62 60
347 3 8
348 57 84
349 99 8
350 19 14
351 35 98
352 80 87
353 95 72
354 68 11
355 98 42
356 9 10
357 79 17
358 72 26
359 47 77
360 94 86
361 27 27
362 80 12
363 82 98
364 89 35
365 8 77
366 28 71
367 39 38
368 50 30
369 66 30
370 26 42
371 26 83
372 56 33
373 100 14
374 61 93
375 31 14
376 87 35
377 44 76
378 93 71
379 29 25
380 45 8
381 89 67
382 62 7
383 92 63
384 78 4
385 39 16
386 32 28
387 13 25
388 23 58
389 90 16
390 38 99
391 13 94
392 42 54
393 38 62
394 43 80
395 49 2
396 28 9
397 13 27
398 25 21
399 52 9
400 71 35
401 41 51
402 0 43
403 83 92
404 62 10
405 50 18
406 66 21
407 95 89
408 79 50
409 0 6
410 47 13
411 45 65
412 35 85
413 50 89
414 15 14
415 99 33
416 26 47
417 16 53
418 37 47
419 17 4
420 78 2
421 24 11
422 51 94
423 18 76
424 63 79
425 68 73
426 58 9
427 60 7
428 11 75
429 83 47
430 58 0
431 28 61
432 61 15
433 50 11
434 97 23
435 36 36
436 59 46
437 60 76
438 53 70
439 36 91
440 4 89
441 29 52
442 80 48
443 95 88
444 10 41
445 75 56
446 85 76
447 95 59
448 4 1
449 51 19
450 13 69
451 48 5
452 34 50
453 91 59
454 78 75
455 55 27
456 22 83
457 2 55
458 96 98
459 93 7
460 43 22
461 41 78
462 93 71
463 62 83
464 80 73
465 44 69
466 60 25
467 39 26
468 24 99
469 42 39
470 49 54
471 48 56
472 92 41
473 75 31
474 68 12
475 64 17
476 35 17
477 16 96
478 89 29
479 87 30
480 69 9
481 96 95
482 48 15
483 74 78
484 36 54
485 98 40
486 85 85
487 47 90
488 79 6
489 11 57
490 70 98
491 98 46
492 91 36
493 5 43
494 88 58
495 86 47
496 75 67
497 99 60
498 27 79
499 66 84
500 25 9
501 76 67
502 9 2
503 53 11
504 80 1
505 20 0
506 18 54
507 5 83
508 36 84
509 74 86
510 22 12
511 56 57
512 83 59
513 88 32
514 71 37
515 8 27
516 92 29
517 2 77
518 51 85
519 68 95
520 20 18
521 94 41
522 25 52
523 30 55
524 79 47
525 58 55
526 1 40
527 82 66
528 84 20
529 92 50
530 50 68
531 73 93
532 40 0
533 25 3
534 58 66
535 52 92
536 22 26
537 33 45
538 68 21
539 28 38
540 44 68
541 54 41
542 45 4
543 59 45
544 51 75
545 53 24
546 16 40
547 1 96
548 49 85
549 92 31
550 57 42
551 52 27
552 42 82
553 66 53
554 77 98
555 27 20
556 83 37
557 54 36
558 99 12
559 10 48
560 0 34
561 52 65
562 24 97
563 94 65
564 10 26
565 64 85
566 19 92
567 21 45
568 60 95
569 25 60
570 42 49
571 90 13
572 96 45
573 36 47
574 58 43
575 22 75
576 24 90
577 21 72
578 3 34
579 35 70
580 57 93
581 39 8
582 92 19
583 86 90
584 70 39
585 48 58
586 8 33
587 30 74
588 56 17
589 24 36
590 55 30
591 31 78
592 24 26
593 22 59
594 89 63
595 32 37
596 68 10
597 24 40
598 82 84
599 40 69
600 58 53
601 6 0
602 47 1
603 61 28
604 53 67
605 35 79
606 99 79
607 54 1
608 64 57
609 62 18
610 86 14
611 74 45
612 74 70
613 68 50
614 58 18
615 65 52
616 100 93
617 84 19
618 8 70
619 74 54
620 66 3
621 75 53
622 45 37
623 84 7
624 24 99
625 90 80
626 49 26
627 60 12
628 10 40
629 6 5
630 63 93
631 26 95
632 33 57
633 97 39
634 71 20
635 72 55
636 40 31
637 94 3
638 35 4
639 0 10
640 65 56
641 43 81
642 12 16
643 88 41
644 50 50
645 97 70
646 8 80
647 25 70
648 65 61
649 22 47
650 10 95
651 36 5
652 40 82
653 79 33
654 50 15
655 84 49
656 89 70
657 52 54
658 38 51
659 57 63
660 44 84
661 84 32
662 43 92
663 11 67
664 1 70
665 52 47
666 24 100
667 50 2
668 29 23
669 9 67
670 55 53
671 5 73
672 88 47
673 85 7
674 59 48
675 81 31
676 46 22
677 74 35
678 12 2
679 68 18
680 17 20
681 29 57
682 75 95
683 86 49
684 21 59
685 85 96
686 88 43
687 80 22
688 90 33
689 48 94
690 65 0
691 23 73
692 52 54
693 99 42
694 37 8
695 59 46
696 45 52
697 12 25
698 40 35
699 8 30
700 53 52
701 5 73
702 45 74
703 85 3
704 92 2
705 58 66
706 44 53
707 34 32
708 3 76
709 57 8
710 30 87
711 22 9
712 3 20
713 45 24
714 47 45
715 44 8
716 23 63
717 33 92
718 74 51
719 89 53
720 83 2
721 63 89
722 64 17
723 38 7
724 46 20
725 58 77
726 98 27
727 57 30
728 80 13
729 89 75
730 89 40
731 29 66
732 73 75
733 5 100
734 63 83
735 20 18
736 73 40
737 32 63
738 56 50
739 28 4
740 6 81
741 53 5
742 97 98
743 86 5
744 5 27
745 98 58
746 31 39
747 85 38
748 33 25
749 27 35
750 60 37
751 62 85
752 62 88
753 80 0
754 36 99
755 41 44
756 25 11
757 64 89
758 9 41
759 61 51
760 90 8
761 1 97
762 50 50
763 57 95
764 33 80
765 84 77
766 15 50
767 52 30
768 69 93
769 39 18
770 0 32
771 70 24
772 5 31
773 20 2
774 21 39
775 25 41
776 2 47
777 87 59
778 37 45
779 97 0
780 41 53
781 58 62
782 31 42
783 69 43
784 6 13
785 81 82
786 13 80
787 5 14
788 37 17
789 3 72
790 57 86
791 51 61
792 4 37
793 48 79
794 47 60
795 42 11
796 60 29
797 40 99
798 45 18
799 27 85
800 24 95
801 91 33
802 3 6
803 90 49
804 80 91
805 84 49
806 60 95
807 80 56
808 81 82
809 54 46
810 46 45
811 91 66
812 89 1
813 31 64
814 98 47
815 61 2
816 52 5
817 84 95
818 28 17
819 0 7
820 8 24
821 6 89
822 92 16
823 43 44
824 100 72
825 13 22
826 7 9
827 52 13
828 26 55
829 62 62
830 6 81
831 12 61
832 24 18
833 62 19
834 67 98
835 96 95
836 6 36
837 88 73
838 17 35
839 88 6
840 49 99
841 3 2
842 61 94
843 2 13
844 22 99
845 29 17
846 96 36
847 39 72
848 88 11
849 16 33
850 32 84
851 0 97
852 72 91
853 11 9
854 4 48
855 72 8
856 10 40
857 99 20
858 83 81
859 75 96
860 52 4
861 8 49
862 92 19
863 44 19
864 1 74
865 32 19
866 9 35
867 92 39
868 16 51
869 70 69
870 19 74
871 86 61
872 38 5
873 96 36
874 73 18
875 26 82
876 38 73
877 20 18
878 45 78
879 69 64
880 40 89
881 37 91
882 18 92
883 49 100
884 27 85
885 58 16
886 40 99
887 47 82
888 29 11
889 19 24
890 24 63
891 39 65
892 5 87
893 16 23
894 31 64
895 58 69
896 27 3
897 31 3
898 47 33
899 86 78
900 82 64
901 45 13
902 79 32
903 71 34
904 36 89
905 6 73
906 15 72
907 45 71
908 12 47
909 85 70
910 87 12
911 12 18
912 38 38
913 65 79
914 70 92
915 50 17
916 25 61
917 80 1
918 67 84
919 3 8
920 79 12
921 23 60
922 1 55
923 68 35
924 65 82
925 59 45
926 79 68
927 49 16
928 14 96
929 98 84
930 43 93
931 16 28
932 98 69
933 64 81
934 90 53
935 76 36
936 74 18
937 46 15
938 26 18
939 26 9
940 94 67
941 84 91
942 64 84
943 77 71
944 25 61
945 94 55
946 84 10
947 24 74
948 69 5
949 62 93
950 51 37
951 28 18
952 82 4
953 76 16
954 72 54
955 43 78
956 75 60
957 25 97
958 29 45
959 36 56
960 94 35
961 53 75
962 66 21
963 12 44
964 69 90
965 92 82
966 43 15
967 71 2
968 38 56
969 44 77
970 80 52
971 98 25
972 39 29
973 78 47
974 65 73
975 20 89
976 25 99
977 74 73
978 97 38
979 91 40
980 14 21
981 61 73
982 51 95
983 52 95
984 12 47
985 80 80
986 92 48
987 9 52
988 92 16
989 71 44
990 16 55
991 46 98
992 6 6
993 67 91
994 9 91
995 83 79
996 94 49
997 36 86
998 25 19
999 72 20
1000 32 4
EOF